start=1744.520000
volume=80.000000
fullscreen=yes
sid=1
