start=2506.170000
volume=90.000000
fullscreen=yes
sub-scale=0.400000
