start=1500.960000
volume=80.000000
fullscreen=yes
