start=1775.840000
volume=86.000000
fullscreen=yes
sid=1
