start=1730.200000
volume=70.000000
fullscreen=yes
sid=1
