start=1538.880000
volume=110.000000
fullscreen=yes
