start=1291.751000
volume=130.000000
fullscreen=yes
sid=1
