start=1622.440000
volume=90.000000
fullscreen=yes
