start=1735.480000
volume=70.000000
sid=1
