start=1295.922000
fullscreen=yes
sid=1
sub-scale=0.450000
