start=3230.524000
volume=50.000000
fullscreen=yes
sid=1
sub-delay=0.300000
sub-scale=0.500000
