start=1739.400000
volume=80.000000
fullscreen=yes
sid=1
