start=2617.720000
volume=60.000000
fullscreen=yes
sid=1
sub-delay=-0.300000
