start=1428.320000
volume=90.000000
fullscreen=yes
