start=5445.607000
volume=70.000000
fullscreen=yes
sid=1
