start=8854.262000
fullscreen=yes
sub-scale=0.500000
