start=8671.579000
volume=90.000000
fullscreen=yes
