start=6339.301000
volume=120.000000
fullscreen=yes
sid=1
