start=1730.160000
volume=80.000000
fullscreen=yes
