start=1548.400000
volume=70.000000
fullscreen=yes
