start=7860.603000
volume=80.000000
fullscreen=yes
