start=3105.760000
volume=50.000000
fullscreen=yes
sid=1
