start=1749.600000
volume=90.000000
fullscreen=yes
sid=1
