start=180.139000
pause=yes
volume=130.000000
sid=1
