start=1763.200000
volume=90.000000
fullscreen=yes
sid=1
