start=1713.040000
volume=80.000000
fullscreen=yes
sid=1
