start=6399.518000
pause=yes
volume=130.000000
fullscreen=yes
sub-scale=0.700000
