start=1607.960000
volume=90.000000
fullscreen=yes
